Version 0.9.7
9
 4 4 188 77 128 0 1
 5 1678 775 206 81 2 2
 6 366 100 449 130 8 3
 6 1026 101 449 130 41 5
 0 89 397 877 276 74 6
 0 1030 409 877 276 206 11
 0 524 800 877 276 338 14
 0 521 1186 877 276 470 21
 3 1712 923 203 58 602 22
 1
205
 255 5 65 228 65 228 92 228 92 33 1042 33 1042 128 0 1 0 5
 255 5 65 215 65 215 65 83 382 83 382 127 382 127 0 1 0 3
 255 5 65 202 65 202 65 411 65 411 142 411 142 411 0 1 0 6
 65793 5 1850 436 1850 436 1922 436 1922 657 1850 657 1850 657 0 11 0 11
 255 5 1083 423 1083 423 65 423 65 423 65 241 65 241 0 11 0 1
 255 5 1850 670 1850 670 1943 670 1943 423 1850 423 1850 423 0 11 0 11
 255 5 311 463 311 463 311 463 311 411 311 411 311 411 0 6 0 6
 255 5 441 463 441 463 441 463 441 411 441 411 441 411 0 6 0 6
 255 5 584 463 584 463 584 463 584 411 584 411 584 411 0 6 0 6
 255 5 714 463 714 463 714 463 714 411 714 411 714 411 0 6 0 6
 255 5 831 463 831 463 831 463 831 411 831 411 831 411 0 6 0 6
 255 5 1135 514 1135 514 1135 514 1135 423 1135 423 1135 423 0 11 0 11
 255 5 1278 423 1278 423 1278 423 1278 514 1278 514 1278 514 0 11 0 11
 255 5 1421 514 1421 514 1421 514 1421 423 1421 423 1421 423 0 11 0 11
 33023 5 324 463 324 463 324 339 468 339 468 223 468 223 0 6 0 3
 65535 5 337 463 337 463 337 223 337 223 481 223 481 223 0 6 0 3
 65408 5 350 463 350 463 350 223 350 223 403 223 403 223 0 6 0 3
 8388863 5 376 463 376 463 376 223 376 223 429 223 429 223 0 6 0 3
 16776960 5 442 223 442 223 389 223 389 223 389 463 389 463 0 3 0 6
 8388672 5 455 223 455 223 402 223 402 223 402 463 402 463 0 3 0 6
 33023 5 454 463 454 463 454 223 454 223 572 223 572 223 0 6 0 3
 65535 5 467 463 467 463 467 223 467 223 585 223 585 223 0 6 0 3
 65280 5 480 463 480 463 480 223 480 223 507 223 507 223 0 6 0 3
 16744448 5 416 223 416 223 363 223 363 223 363 463 363 463 0 3 0 6
 12615680 5 493 463 493 463 493 223 493 223 520 223 520 223 0 6 0 3
 8388863 5 506 463 506 463 506 223 506 223 533 223 533 223 0 6 0 3
 16776960 5 519 463 519 463 519 223 519 223 546 223 546 223 0 6 0 3
 8388672 5 532 463 532 463 532 223 532 223 559 223 559 223 0 6 0 3
 33023 5 597 463 597 463 597 223 597 223 676 223 676 223 0 6 0 3
 65535 5 610 463 610 463 610 223 610 223 689 223 689 223 0 6 0 3
 65280 5 623 463 623 463 623 223 623 223 611 223 611 223 0 6 0 3
 16744448 5 636 463 636 463 636 223 636 223 624 223 624 223 0 6 0 3
 8388863 5 649 463 649 463 649 223 649 223 637 223 637 223 0 6 0 3
 16776960 5 662 463 662 463 662 223 662 223 650 223 650 223 0 6 0 3
 8388672 5 675 463 675 463 675 223 675 223 663 223 663 223 0 6 0 3
 0 5 65 301 65 301 65 645 65 645 142 645 142 645 0 1 0 6
 33023 5 727 463 727 463 727 223 727 223 780 223 780 223 0 6 0 3
 65535 5 740 463 740 463 740 223 740 223 793 223 793 223 0 6 0 3
 65280 5 753 463 753 463 753 223 753 223 715 223 715 223 0 6 0 3
 16744448 5 766 463 766 463 766 223 766 223 728 223 728 223 0 6 0 3
 8388863 5 779 463 779 463 779 223 779 223 741 223 741 223 0 6 0 3
 16776960 5 754 223 754 223 792 223 792 223 792 463 792 463 0 3 0 6
 8388672 5 767 223 767 223 805 223 805 223 805 463 805 463 0 3 0 6
 255 5 909 411 909 410 978 410 978 658 909 658 909 658 0 6 0 6
 0 5 909 424 909 424 971 424 971 645 909 645 909 645 0 6 0 6
 33023 5 844 463 844 463 844 336 1128 336 1128 224 1128 224 0 6 0 5
 65535 5 857 463 857 463 857 344 1141 344 1141 224 1141 224 0 6 0 5
 65280 5 1063 224 1063 224 1063 353 870 353 870 463 870 463 0 5 0 6
 16744448 5 1076 224 1076 224 883 224 883 224 883 463 883 463 0 5 0 6
 8388863 5 896 463 896 463 896 224 896 224 1089 224 1089 224 0 6 0 5
 16776960 5 909 463 909 463 909 356 1102 356 1102 224 1102 224 0 6 0 5
 8388672 5 922 463 922 463 922 224 922 224 1115 224 1115 224 0 6 0 5
 0 5 65 262 65 47 976 47 976 436 1083 436 1083 436 0 1 0 11
 33023 5 1148 475 1148 475 1148 224 1148 224 1232 224 1232 224 0 11 0 5
 65535 5 1161 475 1161 475 1245 475 1245 475 1245 224 1245 224 0 11 0 5
 65280 5 1174 475 1174 475 1174 224 1174 224 1167 224 1167 224 0 11 0 5
 16744448 5 1187 475 1187 475 1187 224 1187 224 1180 224 1180 224 0 11 0 5
 8388863 5 1200 475 1200 475 1200 224 1200 224 1193 224 1193 224 0 11 0 5
 16776960 5 1213 475 1213 475 1213 224 1213 224 1206 224 1206 224 0 11 0 5
 8388672 5 1226 475 1226 475 1226 224 1226 224 1219 224 1219 224 0 11 0 5
 33023 5 1291 475 1291 475 1336 475 1336 475 1336 224 1336 224 0 11 0 5
 65535 5 1304 475 1304 475 1304 224 1304 224 1349 224 1349 224 0 11 0 5
 65280 5 1317 475 1317 475 1317 224 1317 224 1271 224 1271 224 0 11 0 5
 16744448 5 1330 475 1330 475 1330 301 1284 301 1284 224 1284 224 0 11 0 5
 8388863 5 1343 475 1343 475 1343 292 1297 292 1297 224 1297 224 0 11 0 5
 8388672 5 1369 475 1369 475 1323 475 1323 475 1323 224 1323 224 0 11 0 5
 33023 5 1434 475 1434 475 1434 224 1434 224 1440 224 1440 224 0 11 0 5
 65535 5 1447 475 1447 475 1447 224 1447 224 1453 224 1453 224 0 11 0 5
 4259584 5 1460 475 1460 390 1345 390 1345 224 1375 224 1375 224 0 11 0 5
 16744448 5 1473 475 1473 475 1388 475 1388 475 1388 224 1388 224 0 11 0 5
 8388863 5 1486 475 1486 475 1401 475 1401 475 1401 224 1401 224 0 11 0 5
 16776960 5 1499 475 1499 475 1414 475 1414 475 1414 224 1414 224 0 11 0 5
 16711808 5 1512 475 1512 475 1427 475 1427 475 1427 224 1427 224 0 11 0 5
 65793 5 415 645 415 645 415 567 415 567 402 567 402 567 0 6 0 6
 65793 5 532 645 532 645 532 645 532 567 532 567 532 567 0 6 0 6
 65793 5 675 645 675 645 675 645 675 567 675 567 675 567 0 6 0 6
 65793 5 805 645 805 645 805 645 805 567 805 567 805 567 0 6 0 6
 0 5 1226 579 1226 579 1226 579 1226 657 1226 657 1226 657 0 11 0 11
 0 5 1369 579 1369 579 1369 579 1369 657 1369 657 1369 657 0 11 0 11
 0 5 1512 579 1512 579 1512 579 1512 657 1512 657 1512 657 0 11 0 11
 255 5 142 658 142 658 142 814 142 814 577 814 577 814 0 6 0 14
 65793 5 155 645 155 645 155 1048 155 1048 577 1048 577 1048 0 6 0 14
 65793 5 1344 827 1344 827 1433 827 1433 1045 1344 1045 1344 1048 0 14 0 14
 255 5 1344 814 1344 814 1473 814 1473 1061 1344 1061 1344 1061 0 14 0 14
 16711680 5 1253 970 1253 970 1256 970 1256 920 1279 920 1279 905 0 14 0 14
 33023 5 1421 618 1421 618 1318 618 1318 618 1318 866 1318 866 0 11 0 14
 32768 5 1279 866 1279 866 1279 708 1499 708 1499 618 1499 618 0 14 0 11
 4259584 5 1292 866 1292 866 1292 618 1292 618 1486 618 1486 618 0 14 0 11
 0 5 168 645 168 645 168 1087 1693 1087 1693 844 1693 844 0 6 0 2
 65535 5 1331 866 1331 866 1331 618 1331 618 1434 618 1434 618 0 14 0 11
 65793 5 1318 1009 1318 1009 1318 1009 1318 1048 1318 1048 1318 1048 0 14 0 14
 65793 5 1331 1009 1331 1009 1331 1009 1331 1048 1331 1048 1331 1048 0 14 0 14
 65793 5 922 567 922 567 922 623 896 623 896 645 896 645 0 6 0 6
 0 5 1305 827 1305 827 1305 827 1305 866 1305 866 1305 866 0 14 0 14
 255 5 1305 1009 1305 1009 1305 1009 1305 1061 1305 1061 1305 1061 0 14 0 14
 0 5 1279 1009 1279 1009 1279 1009 1279 1048 1279 1048 1279 1048 0 14 0 14
 0 5 1266 1048 1266 1048 1266 1048 1266 1009 1266 1009 1266 1009 0 14 0 14
 8454016 5 1292 879 1292 879 1291 879 1291 1239 1276 1239 1276 1252 0 14 0 21
 32768 5 1279 879 1279 887 1294 887 1294 1252 1289 1252 1289 1252 0 14 0 21
 8454143 5 1331 879 1331 879 1331 1181 1133 1181 1133 1252 1133 1252 0 14 0 21
 4227327 5 1318 892 1318 892 1318 1225 1159 1225 1159 1252 1159 1252 0 14 0 21
 255 5 577 1061 577 1061 574 1061 574 1061 574 1200 574 1200 0 14 0 21
 255 5 1341 1200 1341 1200 1482 1200 1482 1447 1341 1447 1341 1447 0 21 0 21
 0 5 590 1048 590 1048 590 1213 590 1213 574 1213 574 1213 0 14 0 21
 0 5 1341 1213 1341 1213 1419 1213 1419 1434 1341 1434 1341 1434 0 21 0 21
 0 5 1198 1395 1198 1395 1198 1395 1198 1434 1198 1434 1198 1434 0 21 0 21
 0 5 1341 1395 1341 1395 1333 1395 1333 1434 1328 1434 1328 1434 0 21 0 21
 255 5 1120 1252 1120 1252 1120 1252 1120 1200 1120 1200 1120 1200 0 21 0 21
 255 5 1263 1252 1263 1252 1263 1252 1263 1200 1263 1200 1263 1200 0 21 0 21
 255 5 1693 786 1693 786 1693 670 1693 670 1746 670 1746 670 0 2 0 11
 0 5 1723 960 1723 960 1723 1434 1723 1434 1289 1434 1289 1434 0 22 0 21
 8454143 5 1146 1252 1146 1252 1146 1202 1315 1202 1315 1252 1315 1252 0 21 0 21
 16777088 5 1341 1252 1628 1252 1628 1371 1758 1371 1758 967 1758 967 0 21 0 22
 4227327 5 1278 618 1278 618 1201 618 1201 618 1201 866 1201 866 0 11 0 14
 4227327 5 1135 618 1135 618 1084 618 1084 618 1084 866 1084 866 0 11 0 14
 4227327 5 831 606 831 606 831 687 967 687 967 866 967 866 0 6 0 14
 4227327 5 714 606 714 606 850 606 850 606 850 866 850 866 0 6 0 14
 4227327 5 584 606 584 606 584 704 733 704 733 866 733 866 0 6 0 14
 4227327 5 441 606 441 606 441 773 616 773 616 866 616 866 0 6 0 14
 65535 5 1291 618 1291 618 1214 618 1214 618 1214 866 1214 866 0 11 0 14
 65535 5 844 606 844 606 844 717 980 717 980 866 980 866 0 6 0 14
 65535 5 727 606 727 606 727 679 863 679 863 866 863 866 0 6 0 14
 65535 5 597 606 597 606 597 718 746 718 746 866 746 866 0 6 0 14
 65535 5 454 606 454 606 454 759 629 759 629 866 629 866 0 6 0 14
 65793 5 1188 827 1188 827 1188 827 1188 866 1188 866 1188 866 0 14 0 14
 65793 5 1071 827 1071 827 1071 827 1071 866 1071 866 1071 866 0 14 0 14
 65793 5 954 827 954 827 954 827 954 866 954 866 954 866 0 14 0 14
 65793 5 837 827 837 827 837 827 837 866 837 866 837 866 0 14 0 14
 65793 5 720 827 720 827 720 827 720 866 720 866 720 866 0 14 0 14
 65793 5 603 827 603 827 603 827 603 866 603 866 603 866 0 14 0 14
 4259584 5 1343 618 1281 618 1281 780 1175 780 1175 866 1175 866 0 11 0 14
 4259584 5 1200 618 1200 618 1200 763 1058 763 1058 866 1058 866 0 11 0 14
 4259584 5 896 606 896 606 896 673 941 673 941 866 941 866 0 6 0 14
 4259584 5 779 606 779 606 779 728 824 728 824 866 824 866 0 6 0 14
 4259584 5 649 606 649 606 649 744 707 744 707 866 707 866 0 6 0 14
 4259584 5 506 606 506 606 506 866 506 866 590 866 590 866 0 6 0 14
 4227072 5 1162 866 1162 787 1290 787 1290 618 1356 618 1356 618 0 14 0 11
 4227072 5 1045 866 1045 866 1045 618 1045 618 1213 618 1213 618 0 14 0 11
 4227072 5 928 866 928 866 928 606 928 606 909 606 909 606 0 14 0 6
 4227072 5 811 866 811 866 811 606 811 606 792 606 792 606 0 14 0 6
 4227072 5 694 866 694 866 694 606 694 606 662 606 662 606 0 14 0 6
 4227072 5 577 866 577 866 577 733 519 733 519 606 519 606 0 14 0 6
 16776960 5 1310 224 1310 224 1310 475 1310 475 1356 475 1356 475 0 5 0 11
 16711680 5 551 970 551 970 551 938 577 938 577 905 577 905 0 14 0 14
 16711680 5 668 970 668 970 668 938 694 938 694 905 694 905 0 14 0 14
 16711680 5 811 905 811 905 811 938 785 938 785 970 785 970 0 14 0 14
 16711680 5 902 970 902 970 902 937 928 937 928 905 928 905 0 14 0 14
 16711680 5 1019 970 1019 970 1019 937 1045 937 1045 905 1045 905 0 14 0 14
 16711680 5 1136 970 1136 970 1136 943 1162 943 1162 905 1162 905 0 14 0 14
 65793 5 564 1009 564 1009 564 1032 616 1032 616 1048 616 1048 0 14 0 14
 65793 5 577 1009 577 1009 577 1024 629 1024 629 1048 629 1048 0 14 0 14
 255 5 642 1061 642 1061 642 1030 603 1030 603 1009 603 1009 0 14 0 14
 0 5 616 1009 616 1009 616 1018 655 1018 655 1048 655 1048 0 14 0 14
 0 5 629 1009 629 1009 629 1018 668 1018 668 1048 668 1048 0 14 0 14
 0 5 681 1009 681 1009 681 1009 681 1048 681 1048 681 1048 0 14 0 14
 0 5 694 1009 694 1009 694 1009 694 1048 694 1048 694 1048 0 14 0 14
 0 5 733 1009 733 1009 733 1009 733 1048 733 1048 733 1048 0 14 0 14
 0 5 746 1009 746 1009 746 1009 746 1048 746 1048 746 1048 0 14 0 14
 0 5 798 1009 798 1009 798 1009 798 1048 798 1048 798 1048 0 14 0 14
 0 5 811 1009 811 1009 811 1009 811 1048 811 1048 811 1048 0 14 0 14
 0 5 850 1009 850 1009 850 1009 850 1048 850 1048 850 1048 0 14 0 14
 0 5 863 1009 863 1009 863 1009 863 1048 863 1048 863 1048 0 14 0 14
 0 5 915 1009 915 1009 915 1009 915 1048 915 1048 915 1048 0 14 0 14
 0 5 928 1009 928 1009 928 1009 928 1048 928 1048 928 1048 0 14 0 14
 0 5 967 1009 967 1009 967 1009 967 1048 967 1048 967 1048 0 14 0 14
 0 5 980 1009 980 1009 980 1009 980 1048 980 1048 980 1048 0 14 0 14
 0 5 1032 1009 1032 1009 1032 1009 1032 1048 1032 1048 1032 1048 0 14 0 14
 0 5 1045 1009 1045 1009 1045 1009 1045 1048 1045 1048 1045 1048 0 14 0 14
 0 5 1084 1009 1084 1009 1084 1009 1084 1048 1084 1048 1084 1048 0 14 0 14
 0 5 1097 1009 1097 1009 1097 1009 1097 1048 1097 1048 1097 1048 0 14 0 14
 0 5 1149 1009 1149 1009 1149 1009 1149 1048 1149 1048 1149 1048 0 14 0 14
 0 5 1162 1009 1162 1009 1162 1009 1162 1048 1162 1048 1162 1048 0 14 0 14
 255 5 720 1061 720 1061 720 1061 720 1009 720 1009 720 1009 0 14 0 14
 255 5 837 1061 837 1061 837 1061 837 1009 837 1009 837 1009 0 14 0 14
 255 5 954 1061 954 1061 954 1061 954 1009 954 1009 954 1009 0 14 0 14
 255 5 1071 1061 1071 1061 1071 1061 1071 1009 1071 1009 1071 1009 0 14 0 14
 255 5 1188 1061 1188 1061 1188 1061 1188 1009 1188 1009 1188 1009 0 14 0 14
 65535 5 1097 866 1097 866 1097 618 1097 618 1148 618 1148 618 0 14 0 11
 0 5 1201 1009 1201 1009 1201 1009 1201 1048 1201 1048 1201 1048 0 14 0 14
 0 5 1214 1009 1214 1009 1214 1009 1214 1048 1214 1048 1214 1048 0 14 0 14
 16711680 5 1198 1291 1212 1291 1212 1126 1778 1126 1778 967 1778 967 0 21 0 22
 16711680 5 1341 1291 1341 1291 1341 1284 1185 1284 1185 1291 1185 1291 0 21 0 21
 0 5 1094 1395 1094 1395 1094 1395 1094 1434 1094 1434 1094 1434 0 21 0 21
 255 5 1016 1252 1016 1252 1016 1252 1016 1200 1016 1200 1016 1200 0 21 0 21
 16711680 5 1198 1278 1198 1278 1198 1270 1068 1270 1068 1278 1068 1278 0 21 0 21
 33023 5 1851 812 1870 812 1870 1483 1081 1483 1081 1291 1081 1291 0 2 0 21
 33023 5 1094 1291 1094 1291 1094 1142 1241 1142 1241 905 1253 905 0 21 0 14
 255 5 652 1252 652 1252 652 1252 652 1200 652 1200 652 1200 0 21 0 21
 255 5 756 1252 756 1252 753 1252 753 1200 756 1200 756 1200 0 21 0 21
 255 5 860 1252 860 1252 860 1252 860 1200 860 1200 860 1200 0 21 0 21
 0 5 730 1395 730 1395 730 1395 730 1434 730 1434 730 1434 0 21 0 21
 0 5 834 1395 834 1395 834 1395 834 1434 834 1434 834 1434 0 21 0 21
 0 5 938 1395 938 1395 938 1395 938 1434 938 1434 938 1434 0 21 0 21
 33023 5 795 1252 795 1252 795 1128 1201 1128 1201 892 1201 892 0 21 0 14
 65535 5 1214 879 1214 879 1214 1117 769 1117 769 1252 769 1252 0 14 0 21
 65535 5 912 1252 912 1252 912 1164 782 1164 782 1252 782 1252 0 21 0 21
 33023 5 808 1252 808 1252 808 1225 925 1225 925 1252 925 1252 0 21 0 21
 33023 5 1136 905 1136 905 1136 1092 730 1092 730 1291 730 1291 0 14 0 21
 33023 5 717 1291 717 1291 717 1493 1851 1493 1851 799 1851 799 0 21 0 2
 16711680 5 834 1278 834 1278 834 1278 704 1278 704 1278 704 1278 0 21 0 21
 16711680 5 938 1291 938 1291 938 1291 821 1291 821 1291 821 1291 0 21 0 21
 65280 5 1175 879 1175 879 1175 1103 760 1103 760 1356 756 1356 0 14 0 21
 65280 5 769 1356 769 1356 769 1470 873 1470 873 1252 873 1252 0 21 0 21
 32768 5 886 1252 886 1252 886 879 886 879 1162 879 1162 879 0 21 0 14
 33023 5 1172 1252 1172 1252 1172 1241 1328 1241 1328 1252 1328 1252 0 21 0 21
21
 7047 1 16 305 515 5 0 0 8583448 6
 7047 1 16 435 515 5 0 0 8583448 6
 7047 1 16 578 515 5 0 0 8583448 6
 7047 1 16 708 515 5 0 0 8583448 6
 7047 1 16 825 515 5 0 0 8583448 6
 7047 1 16 1129 527 5 0 0 8583448 11
 7047 1 16 1272 527 5 0 0 8583448 11
 7047 1 16 1415 527 5 0 0 8583448 11
 7090 1 14 1247 918 5 0 0 8583448 14
 7090 1 14 1130 918 5 0 0 8583448 14
 7021 1 14 1257 1304 5 0 0 8583448 21
 7004 1 14 1114 1304 5 0 0 8583448 21
 7090 1 14 1013 918 5 0 8583492 0 14
 7090 1 14 896 918 5 0 8583492 0 14
 7090 1 14 779 918 5 0 8583492 0 14
 7090 1 14 662 918 5 0 8583492 0 14
 7090 1 14 545 918 5 0 8583492 0 14
 7008 1 14 1010 1304 5 0 0 8583448 21
 7008 1 14 646 1304 5 0 0 8583448 21
 7021 1 14 854 1304 5 0 0 8583448 21
 7004 1 14 750 1304 5 0 0 8583448 21
