Version 0.9.7
9
 4 4 188 77 128 0 1
 5 1571 992 206 81 2 2
 6 375 100 449 130 8 3
 6 1010 82 449 130 41 5
 0 67 406 877 276 74 6
 0 1006 413 877 276 206 11
 0 547 782 877 276 338 14
 0 557 1193 877 276 480 21
 3 1674 1298 203 58 612 22
 1
184
 255 5 65 228 65 228 92 228 92 33 1026 33 1026 109 0 1 0 5
 255 5 65 215 65 215 65 83 391 83 391 127 391 127 0 1 0 3
 255 5 65 202 65 202 65 420 65 420 120 420 120 420 0 1 0 6
 65793 5 1826 440 1826 440 1898 440 1898 661 1826 661 1826 661 0 11 0 11
 255 5 1059 427 980 427 980 19 65 19 65 241 65 241 0 11 0 1
 255 5 1826 674 1826 674 1919 674 1919 427 1826 427 1826 427 0 11 0 11
 255 5 289 472 289 472 289 472 289 420 289 420 289 420 0 6 0 6
 255 5 419 472 419 472 419 472 419 420 419 420 419 420 0 6 0 6
 255 5 562 472 562 472 562 472 562 420 562 420 562 420 0 6 0 6
 255 5 692 472 692 472 692 472 692 420 692 420 692 420 0 6 0 6
 255 5 809 472 809 472 809 472 809 420 809 420 809 420 0 6 0 6
 255 5 1111 518 1111 518 1111 518 1111 427 1111 427 1111 427 0 11 0 11
 255 5 1254 427 1254 427 1254 427 1254 518 1254 518 1254 518 0 11 0 11
 255 5 1397 518 1397 518 1397 518 1397 427 1397 427 1397 427 0 11 0 11
 33023 5 302 472 302 472 302 339 477 339 477 223 477 223 0 6 0 3
 65535 5 315 472 315 472 490 472 490 472 490 223 490 223 0 6 0 3
 65408 5 328 472 328 472 412 472 412 472 412 223 412 223 0 6 0 3
 8388863 5 354 472 354 472 438 472 438 472 438 223 438 223 0 6 0 3
 16776960 5 451 223 451 223 451 472 451 472 367 472 367 472 0 3 0 6
 8388672 5 464 223 464 223 464 472 464 472 380 472 380 472 0 3 0 6
 33023 5 432 472 432 472 581 472 581 472 581 223 581 223 0 6 0 3
 65535 5 445 472 445 472 594 472 594 472 594 223 594 223 0 6 0 3
 65280 5 458 472 458 472 516 472 516 472 516 223 516 223 0 6 0 3
 16744448 5 425 223 425 223 425 472 425 472 341 472 341 472 0 3 0 6
 12615680 5 471 472 471 472 529 472 529 472 529 223 529 223 0 6 0 3
 8388863 5 484 472 484 472 542 472 542 472 542 223 542 223 0 6 0 3
 16776960 5 497 472 497 472 555 472 555 472 555 223 555 223 0 6 0 3
 8388672 5 510 472 510 472 568 472 568 472 568 223 568 223 0 6 0 3
 33023 5 575 472 575 472 685 472 685 472 685 223 685 223 0 6 0 3
 65535 5 588 472 588 472 588 350 698 350 698 223 698 223 0 6 0 3
 65280 5 601 472 601 472 620 472 620 472 620 223 620 223 0 6 0 3
 16744448 5 614 472 614 472 633 472 633 472 633 223 633 223 0 6 0 3
 8388863 5 627 472 627 472 646 472 646 472 646 223 646 223 0 6 0 3
 16776960 5 640 472 640 472 659 472 659 472 659 223 659 223 0 6 0 3
 8388672 5 653 472 653 472 672 472 672 472 672 223 672 223 0 6 0 3
 0 5 65 301 65 301 65 654 65 654 120 654 120 654 0 1 0 6
 33023 5 705 472 705 472 789 472 789 472 789 223 789 223 0 6 0 3
 65535 5 718 472 718 472 802 472 802 472 802 223 802 223 0 6 0 3
 65280 5 731 472 731 472 731 223 731 223 724 223 724 223 0 6 0 3
 16744448 5 744 472 744 472 744 223 744 223 737 223 737 223 0 6 0 3
 8388863 5 757 472 757 472 757 223 757 223 750 223 750 223 0 6 0 3
 16776960 5 763 223 763 223 763 472 763 472 770 472 770 472 0 3 0 6
 8388672 5 776 223 776 223 776 472 776 472 783 472 783 472 0 3 0 6
 255 5 887 420 887 419 956 419 956 667 887 667 887 667 0 6 0 6
 0 5 887 433 887 433 949 433 949 654 887 654 887 654 0 6 0 6
 33023 5 822 472 822 472 822 336 1112 336 1112 205 1112 205 0 6 0 5
 65535 5 835 472 835 472 835 344 1125 344 1125 205 1125 205 0 6 0 5
 65280 5 1047 205 1047 205 1047 353 848 353 848 472 848 472 0 5 0 6
 16744448 5 1060 205 1060 205 1060 472 1060 472 861 472 861 472 0 5 0 6
 8388863 5 874 472 874 472 1073 472 1073 472 1073 205 1073 205 0 6 0 5
 16776960 5 887 472 887 472 887 356 1086 356 1086 205 1086 205 0 6 0 5
 8388672 5 900 472 900 472 900 205 900 205 1099 205 1099 205 0 6 0 5
 0 5 65 262 65 47 976 47 976 430 1059 430 1059 440 0 1 0 11
 33023 5 1124 479 1124 479 1124 205 1124 205 1216 205 1216 205 0 11 0 5
 65535 5 1137 479 1137 479 1229 479 1229 479 1229 205 1229 205 0 11 0 5
 65280 5 1150 479 1150 479 1150 205 1150 205 1151 205 1151 205 0 11 0 5
 16744448 5 1163 479 1163 479 1163 205 1163 205 1164 205 1164 205 0 11 0 5
 8388863 5 1176 479 1176 479 1176 205 1176 205 1177 205 1177 205 0 11 0 5
 16776960 5 1189 479 1189 479 1189 205 1189 205 1190 205 1190 205 0 11 0 5
 8388672 5 1202 479 1202 479 1202 205 1202 205 1203 205 1203 205 0 11 0 5
 33023 5 1267 479 1267 479 1320 479 1320 479 1320 205 1320 205 0 11 0 5
 65535 5 1280 479 1280 479 1280 320 1333 320 1333 205 1333 205 0 11 0 5
 65280 5 1293 479 1293 479 1293 205 1293 205 1255 205 1255 205 0 11 0 5
 16744448 5 1306 479 1306 479 1306 301 1268 301 1268 205 1268 205 0 11 0 5
 8388863 5 1319 479 1319 479 1319 292 1281 292 1281 205 1281 205 0 11 0 5
 8388672 5 1345 479 1345 479 1307 479 1307 479 1307 205 1307 205 0 11 0 5
 33023 5 1410 479 1410 479 1424 479 1424 479 1424 205 1424 205 0 11 0 5
 65535 5 1423 479 1423 479 1437 479 1437 479 1437 205 1437 205 0 11 0 5
 4259584 5 1436 479 1436 390 1345 390 1345 205 1359 205 1359 205 0 11 0 5
 16744448 5 1449 479 1449 479 1449 381 1372 381 1372 205 1372 205 0 11 0 5
 8388863 5 1462 479 1462 479 1462 205 1462 205 1385 205 1385 205 0 11 0 5
 16776960 5 1475 479 1475 479 1475 360 1398 360 1398 205 1398 205 0 11 0 5
 16711808 5 1488 479 1488 479 1411 479 1411 479 1411 205 1411 205 0 11 0 5
 65793 5 393 654 393 654 393 576 393 576 380 576 380 576 0 6 0 6
 65793 5 510 654 510 654 510 654 510 576 510 576 510 576 0 6 0 6
 65793 5 653 654 653 654 653 654 653 576 653 576 653 576 0 6 0 6
 65793 5 783 654 783 654 783 654 783 576 783 576 783 576 0 6 0 6
 0 5 1202 583 1202 583 1202 583 1202 661 1202 661 1202 661 0 11 0 11
 0 5 1345 583 1345 583 1345 583 1345 661 1345 661 1345 661 0 11 0 11
 0 5 1488 583 1488 583 1488 583 1488 661 1488 661 1488 661 0 11 0 11
 255 5 120 667 120 667 120 796 120 796 600 796 600 796 0 6 0 14
 65793 5 133 654 133 654 133 1030 133 1030 600 1030 600 1030 0 6 0 14
 65793 5 1367 809 1367 809 1456 809 1456 1027 1367 1027 1367 1030 0 14 0 14
 255 5 1367 796 1367 796 1496 796 1496 1043 1367 1043 1367 1043 0 14 0 14
 16711680 5 1276 952 1276 952 1279 952 1279 902 1302 902 1302 887 0 14 0 14
 33023 5 1397 622 1397 622 1341 622 1341 622 1341 848 1341 848 0 11 0 14
 32768 5 1302 848 1302 848 1302 708 1475 708 1475 622 1475 622 0 14 0 11
 4259584 5 1315 848 1315 848 1315 622 1315 622 1462 622 1462 622 0 14 0 11
 0 5 146 654 146 654 146 1087 1586 1087 1586 1061 1586 1061 0 6 0 2
 65535 5 1354 848 1354 848 1354 682 1410 682 1410 622 1410 622 0 14 0 11
 65793 5 1341 991 1341 991 1341 991 1341 1030 1341 1030 1341 1030 0 14 0 14
 65793 5 1354 991 1354 991 1354 991 1354 1030 1354 1030 1354 1030 0 14 0 14
 65793 5 900 576 900 576 900 632 874 632 874 654 874 654 0 6 0 6
 33023 5 1276 887 1276 887 1744 887 1744 887 1744 1003 1744 1003 0 14 0 2
 0 5 1328 809 1328 809 1328 809 1328 848 1328 848 1328 848 0 14 0 14
 255 5 1328 991 1328 991 1328 991 1328 1043 1328 1043 1328 1043 0 14 0 14
 0 5 1302 991 1302 991 1302 991 1302 1030 1302 1030 1302 1030 0 14 0 14
 0 5 1289 1030 1289 1030 1289 1030 1289 991 1289 991 1289 991 0 14 0 14
 8454016 5 1315 861 1315 861 1312 861 1312 861 1312 1259 1312 1259 0 14 0 21
 32768 5 1302 861 1302 861 1325 861 1325 861 1325 1259 1325 1259 0 14 0 21
 8454143 5 1354 861 1354 861 1354 1181 1169 1181 1169 1259 1169 1259 0 14 0 21
 4227327 5 1341 874 1341 874 1341 1259 1341 1259 1195 1259 1195 1259 0 14 0 21
 255 5 600 1043 600 1043 610 1043 610 1043 610 1207 610 1207 0 14 0 21
 255 5 1377 1207 1377 1207 1518 1207 1518 1454 1377 1454 1377 1454 0 21 0 21
 0 5 613 1030 613 1030 610 1030 610 1030 610 1220 610 1220 0 14 0 21
 0 5 1377 1220 1377 1220 1455 1220 1455 1441 1377 1441 1377 1441 0 21 0 21
 0 5 1234 1402 1234 1402 1234 1402 1234 1441 1234 1441 1234 1441 0 21 0 21
 0 5 1377 1402 1377 1402 1369 1402 1369 1441 1364 1441 1364 1441 0 21 0 21
 255 5 1156 1259 1156 1259 1156 1259 1156 1207 1156 1207 1156 1207 0 21 0 21
 255 5 1299 1259 1299 1259 1299 1259 1299 1207 1299 1207 1299 1207 0 21 0 21
 255 5 1586 1003 1586 1003 1586 674 1586 674 1722 674 1722 674 0 2 0 11
 0 5 1685 1335 1685 1335 1685 1441 1685 1441 1325 1441 1325 1441 0 22 0 21
 8454143 5 1182 1259 1182 1259 1182 1234 1351 1234 1351 1259 1351 1259 0 21 0 21
 4227327 5 1208 1259 1208 1259 1208 1289 1364 1289 1364 1259 1364 1259 0 21 0 21
 16777088 5 1377 1259 1377 1259 1720 1259 1720 1259 1720 1342 1720 1342 0 21 0 22
 4227327 5 1254 622 1254 622 1254 848 1254 848 1224 848 1224 848 0 11 0 14
 4227327 5 1111 622 1111 622 1111 848 1111 848 1107 848 1107 848 0 11 0 14
 4227327 5 809 615 809 615 809 687 990 687 990 848 990 848 0 6 0 14
 4227327 5 692 615 692 615 692 695 873 695 873 848 873 848 0 6 0 14
 4227327 5 562 615 562 615 562 704 756 704 756 848 756 848 0 6 0 14
 4227327 5 419 615 419 615 419 773 639 773 639 848 639 848 0 6 0 14
 65535 5 1267 622 1267 622 1267 848 1267 848 1237 848 1237 848 0 11 0 14
 65535 5 822 615 822 615 822 717 1003 717 1003 848 1003 848 0 6 0 14
 65535 5 705 615 705 615 705 679 886 679 886 848 886 848 0 6 0 14
 65535 5 575 615 575 615 575 718 769 718 769 848 769 848 0 6 0 14
 65535 5 432 615 432 615 432 759 652 759 652 848 652 848 0 6 0 14
 65793 5 1211 809 1211 809 1211 809 1211 848 1211 848 1211 848 0 14 0 14
 65793 5 1094 809 1094 809 1094 809 1094 848 1094 848 1094 848 0 14 0 14
 65793 5 977 809 977 809 977 809 977 848 977 848 977 848 0 14 0 14
 65793 5 860 809 860 809 860 809 860 848 860 848 860 848 0 14 0 14
 65793 5 743 809 743 809 743 809 743 848 743 848 743 848 0 14 0 14
 65793 5 626 809 626 809 626 809 626 848 626 848 626 848 0 14 0 14
 4259584 5 1319 622 1281 622 1281 780 1198 780 1198 848 1198 848 0 11 0 14
 4259584 5 1176 622 1176 622 1176 763 1081 763 1081 848 1081 848 0 11 0 14
 4259584 5 874 615 874 615 874 673 964 673 964 848 964 848 0 6 0 14
 4259584 5 757 615 757 615 757 728 847 728 847 848 847 848 0 6 0 14
 4259584 5 627 615 627 615 627 744 730 744 730 848 730 848 0 6 0 14
 4259584 5 484 615 484 615 484 746 613 746 613 848 613 848 0 6 0 14
 4227072 5 1185 848 1185 787 1290 787 1290 622 1332 622 1332 622 0 14 0 11
 4227072 5 1068 848 1068 848 1068 636 1189 636 1189 622 1189 622 0 14 0 11
 4227072 5 951 848 951 848 951 615 951 615 887 615 887 615 0 14 0 6
 4227072 5 834 848 834 848 834 715 770 715 770 615 770 615 0 14 0 6
 4227072 5 717 848 717 848 717 615 717 615 640 615 640 615 0 14 0 6
 4227072 5 600 848 600 848 600 733 497 733 497 615 497 615 0 14 0 6
 16776960 5 1294 205 1294 205 1294 479 1294 479 1332 479 1332 479 0 5 0 11
 16711680 5 574 952 574 952 574 920 600 920 600 887 600 887 0 14 0 14
 16711680 5 691 952 691 952 691 920 717 920 717 887 717 887 0 14 0 14
 16711680 5 834 887 834 887 834 920 808 920 808 952 808 952 0 14 0 14
 16711680 5 925 952 925 952 925 919 951 919 951 887 951 887 0 14 0 14
 16711680 5 1042 952 1042 952 1042 919 1068 919 1068 887 1068 887 0 14 0 14
 16711680 5 1159 952 1159 952 1159 925 1185 925 1185 887 1185 887 0 14 0 14
 65793 5 587 991 587 991 587 1014 639 1014 639 1030 639 1030 0 14 0 14
 65793 5 600 991 600 991 600 1006 652 1006 652 1030 652 1030 0 14 0 14
 255 5 665 1043 665 1043 665 1012 626 1012 626 991 626 991 0 14 0 14
 0 5 639 991 639 991 639 1000 678 1000 678 1030 678 1030 0 14 0 14
 0 5 652 991 652 991 652 1000 691 1000 691 1030 691 1030 0 14 0 14
 0 5 704 991 704 991 704 991 704 1030 704 1030 704 1030 0 14 0 14
 0 5 717 991 717 991 717 991 717 1030 717 1030 717 1030 0 14 0 14
 0 5 756 991 756 991 756 991 756 1030 756 1030 756 1030 0 14 0 14
 0 5 769 991 769 991 769 991 769 1030 769 1030 769 1030 0 14 0 14
 0 5 821 991 821 991 821 991 821 1030 821 1030 821 1030 0 14 0 14
 0 5 834 991 834 991 834 991 834 1030 834 1030 834 1030 0 14 0 14
 0 5 873 991 873 991 873 991 873 1030 873 1030 873 1030 0 14 0 14
 0 5 886 991 886 991 886 991 886 1030 886 1030 886 1030 0 14 0 14
 0 5 938 991 938 991 938 991 938 1030 938 1030 938 1030 0 14 0 14
 0 5 951 991 951 991 951 991 951 1030 951 1030 951 1030 0 14 0 14
 0 5 990 991 990 991 990 991 990 1030 990 1030 990 1030 0 14 0 14
 0 5 1003 991 1003 991 1003 991 1003 1030 1003 1030 1003 1030 0 14 0 14
 0 5 1055 991 1055 991 1055 991 1055 1030 1055 1030 1055 1030 0 14 0 14
 0 5 1068 991 1068 991 1068 991 1068 1030 1068 1030 1068 1030 0 14 0 14
 0 5 1107 991 1107 991 1107 991 1107 1030 1107 1030 1107 1030 0 14 0 14
 0 5 1120 991 1120 991 1120 991 1120 1030 1120 1030 1120 1030 0 14 0 14
 0 5 1172 991 1172 991 1172 991 1172 1030 1172 1030 1172 1030 0 14 0 14
 0 5 1185 991 1185 991 1185 991 1185 1030 1185 1030 1185 1030 0 14 0 14
 255 5 743 1043 743 1043 743 1043 743 991 743 991 743 991 0 14 0 14
 255 5 860 1043 860 1043 860 1043 860 991 860 991 860 991 0 14 0 14
 255 5 977 1043 977 1043 977 1043 977 991 977 991 977 991 0 14 0 14
 255 5 1094 1043 1094 1043 1094 1043 1094 991 1094 991 1094 991 0 14 0 14
 255 5 1211 1043 1211 1043 1211 1043 1211 991 1211 991 1211 991 0 14 0 14
 65535 5 1120 848 1120 848 1124 848 1124 848 1124 622 1124 622 0 14 0 11
 0 5 1224 991 1224 991 1224 991 1224 1030 1224 1030 1224 1030 0 14 0 14
 0 5 1237 991 1237 991 1237 991 1237 1030 1237 1030 1237 1030 0 14 0 14
 4227327 5 1159 887 1149 887 1149 1159 1744 1159 1744 1016 1744 1016 0 14 0 2
 4227327 5 1042 887 1042 887 1042 1124 1744 1124 1744 1029 1744 1029 0 14 0 2
17
 7047 1 16 283 524 5 0 0 8583448 6
 7047 1 16 413 524 5 0 0 8583448 6
 7047 1 16 556 524 5 0 0 8583448 6
 7047 1 16 686 524 5 0 0 8583448 6
 7047 1 16 803 524 5 0 0 8583448 6
 7047 1 16 1105 531 5 0 0 8583448 11
 7047 1 16 1248 531 5 0 0 8583448 11
 7047 1 16 1391 531 5 0 0 8583448 11
 7090 1 14 1270 900 5 0 0 8583448 14
 7090 1 14 1153 900 5 0 0 8583448 14
 7021 1 14 1293 1311 5 0 0 8583448 21
 7004 1 14 1150 1311 5 0 0 8583448 21
 7090 1 14 1036 900 5 0 8583492 0 14
 7090 1 14 919 900 5 0 8583492 0 14
 7090 1 14 802 900 5 0 8583492 0 14
 7090 1 14 685 900 5 0 8583492 0 14
 7090 1 14 568 900 5 0 8583492 0 14
