Version 0.9.7
10
 4 10 175 77 128 0 1
 5 1702 974 206 81 2 2
 6 348 115 449 130 8 3
 6 843 32 449 130 41 5
 0 86 390 877 276 74 6
 0 1000 398 877 276 206 11
 0 669 701 877 276 338 14
 1 791 1229 206 81 614 20
 0 671 1033 877 276 624 21
 3 1674 1298 203 58 762 22
 1
122
 255 5 71 215 71 215 92 215 92 59 859 59 859 59 0 1 0 5
 255 5 71 202 71 202 364 202 364 202 364 142 364 142 0 1 0 3
 255 5 71 189 71 189 71 404 71 404 139 404 139 404 0 1 0 6
 65793 5 1820 425 1820 425 1892 425 1892 646 1820 646 1820 646 0 11 0 11
 255 5 1053 412 980 412 980 19 61 19 61 228 71 228 0 11 0 1
 255 5 1820 659 1820 659 1913 659 1913 412 1820 412 1820 412 0 11 0 11
 255 5 308 456 308 456 308 456 308 404 308 404 308 404 0 6 0 6
 255 5 438 456 438 456 438 456 438 404 438 404 438 404 0 6 0 6
 255 5 581 456 581 456 581 456 581 404 581 404 581 404 0 6 0 6
 255 5 711 456 711 456 711 456 711 404 711 404 711 404 0 6 0 6
 255 5 828 456 828 456 828 456 828 404 828 404 828 404 0 6 0 6
 255 5 1105 503 1105 503 1105 503 1105 412 1105 412 1105 412 0 11 0 11
 255 5 1248 412 1248 412 1248 412 1248 503 1248 503 1248 503 0 11 0 11
 255 5 1391 503 1391 503 1391 503 1391 412 1391 412 1391 412 0 11 0 11
 33023 5 321 456 321 456 450 456 450 456 450 238 450 238 0 6 0 3
 65535 5 334 456 334 456 334 351 463 351 463 238 463 238 0 6 0 3
 65408 5 347 456 347 456 385 456 385 456 385 238 385 238 0 6 0 3
 8388863 5 373 456 373 456 411 456 411 456 411 238 411 238 0 6 0 3
 16776960 5 424 238 424 238 424 456 424 456 386 456 386 456 0 3 0 6
 8388672 5 437 238 437 238 437 456 437 456 399 456 399 456 0 3 0 6
 33023 5 451 456 451 456 554 456 554 456 554 238 554 238 0 6 0 3
 65535 5 464 456 464 456 407 456 407 238 567 238 567 238 0 6 0 3
 65280 5 477 456 477 456 489 456 489 456 489 238 489 238 0 6 0 3
 16744448 5 398 238 398 238 398 456 398 456 360 456 360 456 0 3 0 6
 12615680 5 490 456 490 456 502 456 502 456 502 238 502 238 0 6 0 3
 8388863 5 503 456 503 456 515 456 515 456 515 238 515 238 0 6 0 3
 16776960 5 516 456 516 456 528 456 528 456 528 238 528 238 0 6 0 3
 8388672 5 529 456 529 456 541 456 541 456 541 238 541 238 0 6 0 3
 33023 5 594 456 594 456 658 456 658 456 658 238 658 238 0 6 0 3
 65535 5 607 456 607 456 671 456 671 456 671 238 671 238 0 6 0 3
 65280 5 620 456 620 456 593 456 593 456 593 238 593 238 0 6 0 3
 16744448 5 633 456 633 456 606 456 606 456 606 238 606 238 0 6 0 3
 8388863 5 646 456 646 456 619 456 619 456 619 238 619 238 0 6 0 3
 16776960 5 659 456 659 456 632 456 632 456 632 238 632 238 0 6 0 3
 8388672 5 672 456 672 456 645 456 645 456 645 238 645 238 0 6 0 3
 0 5 71 288 71 288 71 638 71 638 139 638 139 638 0 1 0 6
 33023 5 724 456 724 456 724 238 724 238 762 238 762 238 0 6 0 3
 65535 5 737 456 737 456 737 238 737 238 775 238 775 238 0 6 0 3
 65280 5 750 456 750 456 750 238 750 238 697 238 697 238 0 6 0 3
 16744448 5 763 456 763 456 763 238 763 238 710 238 710 238 0 6 0 3
 8388863 5 776 456 776 456 776 238 776 238 723 238 723 238 0 6 0 3
 16776960 5 736 238 736 238 789 238 789 238 789 456 789 456 0 3 0 6
 8388672 5 749 238 749 238 802 238 802 238 802 456 802 456 0 3 0 6
 255 5 906 404 906 403 975 403 975 651 906 651 906 651 0 6 0 6
 0 5 906 417 906 417 968 417 968 638 906 638 906 638 0 6 0 6
 33023 5 841 456 841 456 945 456 945 456 945 155 945 155 0 6 0 5
 65535 5 854 456 854 456 958 456 958 456 958 155 958 155 0 6 0 5
 65280 5 880 155 880 155 880 456 880 456 867 456 867 456 0 5 0 6
 16744448 5 893 155 893 155 893 456 893 456 880 456 880 456 0 5 0 6
 8388863 5 893 456 893 456 906 456 906 456 906 155 906 155 0 6 0 5
 16776960 5 906 456 906 456 919 456 919 456 919 155 919 155 0 6 0 5
 8388672 5 919 456 919 456 932 456 932 456 932 155 932 155 0 6 0 5
 0 5 71 249 71 36 976 36 976 430 1053 430 1053 425 0 1 0 11
 33023 5 1118 464 1118 464 1118 378 1049 378 1049 155 1049 155 0 11 0 5
 65535 5 1131 464 1131 464 1131 389 1062 389 1062 155 1062 155 0 11 0 5
 65280 5 1144 464 1144 464 1144 321 984 321 984 155 984 155 0 11 0 5
 16744448 5 1157 464 1157 464 1157 331 997 331 997 155 997 155 0 11 0 5
 8388863 5 1170 464 1170 464 1170 344 1010 344 1010 155 1010 155 0 11 0 5
 16776960 5 1183 464 1183 464 1183 356 1023 356 1023 155 1023 155 0 11 0 5
 8388672 5 1196 464 1196 464 1196 368 1036 368 1036 155 1036 155 0 11 0 5
 33023 5 1261 464 1261 464 1261 331 1160 331 1160 155 1153 155 0 11 0 5
 65535 5 1274 464 1274 464 1274 320 1166 320 1166 155 1166 155 0 11 0 5
 65280 5 1287 464 1287 464 1287 311 1088 311 1088 155 1088 155 0 11 0 5
 16744448 5 1300 464 1300 464 1300 301 1101 301 1101 155 1101 155 0 11 0 5
 8388863 5 1313 464 1313 464 1313 292 1114 292 1114 155 1114 155 0 11 0 5
 8388672 5 1339 464 1339 464 1339 277 1140 277 1140 155 1140 155 0 11 0 5
 33023 5 1404 464 1404 464 1404 269 1257 269 1257 155 1257 155 0 11 0 5
 65535 5 1417 464 1417 464 1417 261 1270 261 1270 155 1270 155 0 11 0 5
 4259584 5 1430 464 1430 464 1430 219 1192 219 1192 155 1192 155 0 11 0 5
 16744448 5 1443 464 1443 464 1443 229 1205 229 1205 155 1205 155 0 11 0 5
 8388863 5 1456 464 1456 464 1456 236 1218 236 1218 155 1218 155 0 11 0 5
 16776960 5 1469 464 1469 464 1469 245 1231 245 1231 155 1231 155 0 11 0 5
 16711808 5 1482 464 1482 464 1482 252 1244 252 1244 155 1244 155 0 11 0 5
 65793 5 412 638 412 638 412 560 412 560 399 560 399 560 0 6 0 6
 65793 5 529 638 529 638 529 638 529 560 529 560 529 560 0 6 0 6
 65793 5 672 638 672 638 672 638 672 560 672 560 672 560 0 6 0 6
 65793 5 802 638 802 638 802 638 802 560 802 560 802 560 0 6 0 6
 255 5 360 651 360 651 360 651 360 599 360 599 360 599 0 6 0 6
 255 5 490 651 490 651 490 651 490 599 490 599 490 599 0 6 0 6
 255 5 633 651 633 651 633 651 633 599 633 599 633 599 0 6 0 6
 255 5 763 651 763 651 763 651 763 599 763 599 763 599 0 6 0 6
 255 5 880 651 880 651 880 651 880 599 880 599 880 599 0 6 0 6
 0 5 1196 568 1196 568 1196 568 1196 646 1196 646 1196 646 0 11 0 11
 0 5 1339 568 1339 568 1339 568 1339 646 1339 646 1339 646 0 11 0 11
 0 5 1482 568 1482 568 1482 568 1482 646 1482 646 1482 646 0 11 0 11
 255 5 1300 607 1300 607 1300 607 1300 659 1300 659 1300 659 0 11 0 11
 255 5 1157 607 1157 607 1157 607 1157 659 1157 659 1157 659 0 11 0 11
 255 5 139 651 139 651 139 715 139 715 722 715 722 715 0 6 0 14
 65793 5 152 638 152 638 152 949 152 949 722 949 722 949 0 6 0 14
 65793 5 1489 728 1489 728 1578 728 1578 949 1489 949 1489 949 0 14 0 14
 255 5 1489 715 1489 715 1618 715 1618 962 1489 962 1489 962 0 14 0 14
 16711680 5 1398 871 1398 871 1401 871 1401 821 1424 821 1424 806 0 14 0 14
 33023 5 1391 607 1391 607 1391 689 1463 689 1463 767 1463 767 0 11 0 14
 32768 5 1424 767 1424 767 1424 618 1469 618 1469 607 1469 607 0 14 0 11
 4259584 5 1437 767 1437 767 1437 624 1456 624 1456 607 1456 607 0 14 0 11
 0 5 165 638 165 638 165 1021 1717 1021 1717 1043 1717 1043 0 6 0 2
 65535 5 1476 767 1476 767 1476 682 1404 682 1404 607 1404 607 0 14 0 11
 65793 5 1463 910 1463 910 1463 910 1463 949 1463 949 1463 949 0 14 0 14
 65793 5 1476 910 1476 910 1476 910 1476 949 1476 949 1476 949 0 14 0 14
 65793 5 919 560 919 560 919 616 893 616 893 638 893 638 0 6 0 6
 33023 5 1398 806 1398 806 1875 806 1875 806 1875 985 1875 985 0 14 0 2
 0 5 1450 728 1450 728 1450 728 1450 767 1450 767 1450 767 0 14 0 14
 255 5 1450 910 1450 910 1450 910 1450 962 1450 962 1450 962 0 14 0 14
 0 5 1424 910 1424 910 1424 910 1424 949 1424 949 1424 949 0 14 0 14
 0 5 1411 949 1411 949 1411 949 1411 910 1411 910 1411 910 0 14 0 14
 8454016 5 1437 780 1437 780 1434 780 1434 1099 1426 1099 1426 1099 0 14 0 21
 32768 5 1424 780 1424 780 1439 780 1439 780 1439 1099 1439 1099 0 14 0 21
 8454143 5 1476 780 1476 780 1283 780 1283 780 1283 1099 1283 1099 0 14 0 21
 4227327 5 1463 793 1463 793 1309 793 1309 793 1309 1099 1309 1099 0 14 0 21
 255 5 722 962 722 962 745 962 745 1047 724 1047 724 1047 0 14 0 21
 255 5 1491 1047 1491 1047 1632 1047 1632 1294 1491 1294 1491 1294 0 21 0 21
 0 5 735 949 735 949 685 949 685 1060 724 1060 724 1060 0 14 0 21
 0 5 1491 1060 1491 1060 1569 1060 1569 1281 1491 1281 1491 1281 0 21 0 21
 0 5 1348 1242 1348 1242 1348 1242 1348 1281 1348 1281 1348 1281 0 21 0 21
 0 5 1491 1242 1491 1242 1483 1242 1483 1281 1478 1281 1478 1281 0 21 0 21
 255 5 1270 1099 1270 1099 1270 1099 1270 1047 1270 1047 1270 1047 0 21 0 21
 255 5 1413 1099 1413 1099 1413 1099 1413 1047 1413 1047 1413 1047 0 21 0 21
 255 5 1717 985 1717 985 1717 659 1717 659 1716 659 1716 659 0 2 0 11
 0 5 1685 1335 1685 1335 1685 1438 1439 1438 1439 1281 1439 1281 0 22 0 21
 8454143 5 1296 1099 1296 1099 1296 1074 1465 1074 1465 1099 1465 1099 0 21 0 21
 4227327 5 1322 1099 1322 1099 1322 1051 1478 1051 1478 1099 1478 1099 0 21 0 21
 16777088 5 1491 1099 1491 1099 1672 1099 1672 1342 1720 1342 1720 1342 0 21 0 22
12
 7047 1 16 302 508 5 0 0 8583448 6
 7047 1 16 432 508 5 0 0 8583448 6
 7047 1 16 575 508 5 0 0 8583448 6
 7047 1 16 705 508 5 0 0 8583448 6
 7047 1 16 822 508 5 0 0 8583448 6
 7047 1 16 1099 516 5 0 0 8583448 11
 7047 1 16 1242 516 5 0 0 8583448 11
 7047 1 16 1385 516 5 0 0 8583448 11
 7090 1 14 1392 819 5 0 0 8583448 14
 7090 1 14 1236 819 5 0 0 8583448 14
 7021 1 14 1407 1151 5 0 0 8583448 21
 7004 1 14 1264 1151 5 0 0 8583448 21
