Version 0.9.7
10
 4 10 175 77 128 0 1
 5 641 270 206 81 2 2
 6 192 87 449 130 8 3
 6 849 89 449 130 41 5
 0 87 400 877 276 74 6
 1 318 806 206 81 206 9
 1 604 805 206 81 216 10
 0 1001 398 877 276 226 11
 1 874 806 206 81 358 12
 1 1233 803 206 81 368 13
 0
130
 16711680 5 387 609 387 609 387 767 429 767 429 817 431 817 0 6 0 9
 16711680 5 374 609 374 609 374 609 374 817 374 817 374 817 0 6 0 9
 16711680 5 309 609 308 609 308 798 412 798 412 817 412 817 0 6 0 9
 16711680 5 322 609 322 609 322 788 393 788 393 817 393 817 0 6 0 9
 16711680 5 517 609 517 609 517 817 517 817 507 817 507 817 0 6 0 9
 16711680 5 504 609 504 609 504 800 450 800 450 817 450 817 0 6 0 9
 16711680 5 439 609 439 609 439 788 488 788 488 817 488 817 0 6 0 9
 16711680 5 452 609 452 609 470 609 470 817 469 817 469 817 0 6 0 9
 16711680 5 660 609 660 609 660 782 717 782 717 816 717 816 0 6 0 10
 16711680 5 647 609 647 609 647 816 647 816 660 816 660 816 0 6 0 10
 16711680 5 582 609 582 609 582 803 697 803 697 816 698 816 0 6 0 10
 16711680 5 595 609 595 791 674 791 674 816 679 816 679 816 0 6 0 10
 16711680 5 790 609 790 609 792 609 792 816 793 816 793 816 0 6 0 10
 16711680 5 777 609 777 609 777 681 736 681 736 816 736 816 0 6 0 10
 16711680 5 712 609 712 609 712 770 775 770 775 816 774 816 0 6 0 10
 16711680 5 725 609 725 761 756 761 756 816 755 816 755 816 0 6 0 10
 16711680 5 907 609 907 609 907 715 987 715 987 817 987 817 0 6 0 12
 16711680 5 894 609 894 609 894 720 908 720 908 817 930 817 0 6 0 12
 16711680 5 829 609 829 609 829 751 968 751 968 817 968 817 0 6 0 12
 16711680 5 842 609 842 609 842 767 949 767 949 817 949 817 0 6 0 12
 16711680 5 1184 607 1184 607 1184 762 1063 762 1063 817 1063 817 0 11 0 12
 16711680 5 1171 607 1171 607 1171 743 1006 743 1006 817 1006 817 0 11 0 12
 16711680 5 1106 607 1106 607 1106 706 1044 706 1044 817 1044 817 0 11 0 12
 16711680 5 1119 607 1119 607 1119 722 1025 722 1025 817 1025 817 0 11 0 12
 16711680 5 1327 607 1327 607 1327 769 1346 769 1346 814 1346 814 0 11 0 13
 16711680 5 1314 607 1316 607 1316 770 1290 770 1290 814 1289 814 0 11 0 13
 16711680 5 1249 607 1249 607 1249 797 1327 797 1327 814 1327 814 0 11 0 13
 16711680 5 1262 607 1262 607 1262 784 1308 784 1308 814 1308 814 0 11 0 13
 16711680 5 1470 607 1470 607 1471 607 1471 814 1422 814 1422 814 0 11 0 13
 16711680 5 1457 607 1457 607 1457 678 1365 678 1365 814 1365 814 0 11 0 13
 16711680 5 1392 607 1392 607 1394 607 1394 814 1403 814 1403 814 0 11 0 13
 16711680 5 1405 607 1405 791 1388 791 1388 814 1384 814 1384 814 0 11 0 13
 255 5 71 215 71 215 92 215 92 76 865 76 865 116 0 1 0 5
 255 5 71 202 71 202 208 202 208 202 208 114 208 114 0 1 0 3
 255 5 71 189 71 189 140 189 140 189 140 414 140 414 0 1 0 6
 255 5 140 661 140 661 140 817 140 817 333 817 333 817 0 6 0 9
 65793 5 71 275 71 275 37 275 37 875 333 875 333 875 0 1 0 9
 65793 5 153 648 153 648 153 874 153 874 619 874 619 874 0 6 0 10
 65793 5 1821 425 1821 425 1893 425 1893 646 1821 646 1821 646 0 11 0 11
 255 5 1054 412 980 412 980 19 61 19 61 228 71 228 0 11 0 1
 255 5 1821 659 1821 659 1914 659 1914 412 1821 412 1821 412 0 11 0 11
 255 5 889 817 889 782 1089 782 1089 659 1054 659 1054 659 0 12 0 11
 255 5 309 466 309 466 309 466 309 414 309 414 309 414 0 6 0 6
 255 5 439 466 439 466 439 466 439 414 439 414 439 414 0 6 0 6
 255 5 582 466 582 466 582 466 582 414 582 414 582 414 0 6 0 6
 255 5 712 466 712 466 712 466 712 414 712 414 712 414 0 6 0 6
 255 5 829 466 829 466 829 466 829 414 829 414 829 414 0 6 0 6
 255 5 1106 503 1106 503 1106 503 1106 412 1106 412 1106 412 0 11 0 11
 255 5 1249 412 1249 412 1249 412 1249 503 1249 503 1249 503 0 11 0 11
 255 5 1392 503 1392 503 1392 503 1392 412 1392 412 1392 412 0 11 0 11
 33023 5 322 466 322 466 322 360 294 360 294 210 294 210 0 6 0 3
 65535 5 335 466 330 466 330 351 307 351 307 210 307 210 0 6 0 3
 65408 5 348 466 348 466 348 395 229 395 229 210 229 210 0 6 0 3
 8388863 5 374 466 374 466 374 380 255 380 255 210 255 210 0 6 0 3
 16776960 5 268 210 268 210 268 374 387 374 387 466 387 466 0 3 0 6
 8388672 5 281 210 281 210 281 368 400 368 400 466 400 466 0 3 0 6
 33023 5 452 466 452 466 452 315 398 315 398 210 398 210 0 6 0 3
 65535 5 465 466 465 466 465 307 407 307 407 210 411 210 0 6 0 3
 65280 5 478 466 477 466 477 357 338 357 338 210 333 210 0 6 0 3
 16744448 5 242 210 242 210 242 388 361 388 361 466 361 466 0 3 0 6
 12615680 5 491 466 491 466 491 348 346 348 346 210 346 210 0 6 0 3
 8388863 5 504 466 504 466 504 340 359 340 359 210 359 210 0 6 0 3
 16776960 5 517 466 517 466 517 332 372 332 372 210 372 210 0 6 0 3
 8388672 5 530 466 530 466 530 323 385 323 385 210 385 210 0 6 0 3
 33023 5 595 466 595 466 595 305 502 305 502 210 502 210 0 6 0 3
 65535 5 608 466 608 466 608 296 513 296 513 210 515 210 0 6 0 3
 65280 5 621 466 621 466 621 290 437 290 437 210 437 210 0 6 0 3
 16744448 5 634 466 634 466 634 282 450 282 450 210 450 210 0 6 0 3
 8388863 5 647 466 647 466 647 300 463 300 463 210 463 210 0 6 0 3
 16776960 5 660 466 660 466 660 315 476 315 476 210 476 210 0 6 0 3
 8388672 5 673 466 669 466 669 310 489 310 489 210 489 210 0 6 0 3
 0 5 71 288 71 288 71 648 71 648 140 648 140 648 0 1 0 6
 33023 5 725 466 725 466 725 275 606 275 606 210 606 210 0 6 0 3
 65535 5 738 466 738 466 738 266 619 266 619 210 619 210 0 6 0 3
 65280 5 751 466 751 466 751 249 541 249 541 210 541 210 0 6 0 3
 16744448 5 764 466 764 466 764 258 554 258 554 210 554 210 0 6 0 3
 8388863 5 777 466 777 466 777 242 567 242 567 210 567 210 0 6 0 3
 16776960 5 580 210 580 210 580 228 790 228 790 466 790 466 0 3 0 6
 8388672 5 593 210 593 210 593 235 803 235 803 466 803 466 0 3 0 6
 255 5 907 414 907 414 976 414 976 661 907 661 907 661 0 6 0 6
 0 5 907 427 907 427 969 427 969 648 907 648 907 648 0 6 0 6
 33023 5 842 466 842 466 842 380 951 380 951 212 951 212 0 6 0 5
 65535 5 855 466 855 466 855 392 964 392 964 212 964 212 0 6 0 5
 65280 5 886 212 886 334 872 334 872 466 868 466 868 466 0 5 0 6
 16744448 5 899 212 899 343 884 343 884 466 881 466 881 466 0 5 0 6
 8388863 5 894 466 894 466 894 357 912 357 912 212 912 212 0 6 0 5
 16776960 5 907 466 907 466 907 364 925 364 925 212 925 212 0 6 0 5
 8388672 5 920 466 920 466 920 372 938 372 938 212 938 212 0 6 0 5
 0 5 71 249 71 36 976 36 976 425 1054 425 1054 425 0 1 0 11
 33023 5 1119 464 1121 464 1121 378 1055 378 1055 212 1055 212 0 11 0 5
 65535 5 1132 464 1132 464 1132 389 1068 389 1068 212 1068 212 0 11 0 5
 0 5 1054 646 1097 646 1097 798 889 798 889 875 889 875 0 11 0 12
 65280 5 1145 464 1145 464 1145 321 990 321 990 212 990 212 0 11 0 5
 16744448 5 1158 464 1158 464 1158 331 1003 331 1003 212 1003 212 0 11 0 5
 8388863 5 1171 464 1171 464 1171 344 1016 344 1016 212 1016 212 0 11 0 5
 16776960 5 1184 464 1184 464 1184 356 1029 356 1029 212 1029 212 0 11 0 5
 8388672 5 1197 464 1197 464 1197 368 1042 368 1042 212 1042 212 0 11 0 5
 33023 5 1262 464 1262 464 1262 331 1160 331 1160 212 1159 212 0 11 0 5
 65535 5 1275 464 1275 464 1275 320 1172 320 1172 212 1172 212 0 11 0 5
 65280 5 1288 464 1288 464 1288 311 1094 311 1094 212 1094 212 0 11 0 5
 16744448 5 1301 464 1301 464 1301 301 1107 301 1107 212 1107 212 0 11 0 5
 8388863 5 1314 464 1314 464 1314 292 1120 292 1120 212 1120 212 0 11 0 5
 16776960 5 1327 464 1327 464 1327 285 1133 285 1133 212 1133 212 0 11 0 5
 8388672 5 1340 464 1340 464 1340 277 1146 277 1146 212 1146 212 0 11 0 5
 33023 5 1405 464 1405 464 1405 269 1263 269 1263 212 1263 212 0 11 0 5
 65535 5 1418 464 1418 464 1418 261 1276 261 1276 212 1276 212 0 11 0 5
 4259584 5 1431 464 1431 464 1431 219 1198 219 1198 212 1198 212 0 11 0 5
 16744448 5 1444 464 1444 464 1444 229 1211 229 1211 212 1211 212 0 11 0 5
 8388863 5 1457 464 1457 464 1457 236 1224 236 1224 212 1224 212 0 11 0 5
 16776960 5 1470 464 1470 464 1470 245 1237 245 1237 212 1237 212 0 11 0 5
 16711808 5 1483 464 1483 464 1483 252 1250 252 1250 212 1250 212 0 11 0 5
 65793 5 413 648 413 648 413 570 413 570 400 570 400 570 0 6 0 6
 65793 5 530 648 530 648 530 648 530 570 530 570 530 570 0 6 0 6
 65793 5 673 648 673 648 673 648 673 570 673 570 673 570 0 6 0 6
 65793 5 803 648 803 648 803 648 803 570 803 570 803 570 0 6 0 6
 255 5 361 661 361 661 361 661 361 609 361 609 361 609 0 6 0 6
 255 5 491 661 491 661 491 661 491 609 491 609 491 609 0 6 0 6
 255 5 634 661 634 661 634 661 634 609 634 609 634 609 0 6 0 6
 255 5 764 661 764 661 764 661 764 609 764 609 764 609 0 6 0 6
 255 5 881 661 881 661 881 661 881 609 881 609 881 609 0 6 0 6
 255 5 619 816 619 816 556 816 556 816 556 661 556 661 0 10 0 6
 255 5 1236 659 1236 659 1236 814 1236 814 1248 814 1248 814 0 11 0 13
 0 5 1223 646 1223 646 1223 872 1223 872 1248 872 1248 872 0 11 0 13
 0 5 855 648 855 648 855 742 920 742 920 570 920 570 0 6 0 6
 0 5 1197 568 1197 568 1197 568 1197 646 1197 646 1197 646 0 11 0 11
 0 5 1340 568 1340 568 1340 568 1340 646 1340 646 1340 646 0 11 0 11
 0 5 1483 568 1483 568 1483 568 1483 646 1483 646 1483 646 0 11 0 11
 255 5 1301 607 1301 607 1301 607 1301 659 1301 659 1301 659 0 11 0 11
 255 5 1444 659 1444 659 1444 659 1444 607 1444 607 1444 607 0 11 0 11
 255 5 1158 607 1158 607 1158 607 1158 659 1158 659 1158 659 0 11 0 11
8
 7047 1 16 303 518 5 0 0 8583448 6
 7047 1 16 433 518 5 0 0 8583448 6
 7047 1 16 576 518 5 0 0 8583448 6
 7047 1 16 706 518 5 0 0 8583448 6
 7047 1 16 823 518 5 0 0 8583448 6
 7047 1 16 1100 516 5 0 0 8583448 11
 7047 1 16 1243 516 5 0 0 8583448 11
 7047 1 16 1386 516 5 0 0 8583448 11
