Version 0.9.7
5
 4 10 175 77 128 0 1
 5 80 400 206 81 2 2
 0 65 346 877 276 8 3
 1 244 147 206 81 140 4
 3 391 734 203 58 152 5
 0
20
 16711680 5 71 189 71 189 71 189 71 158 259 158 259 158 0 1 0 4
 16711680 5 71 249 71 249 259 249 259 249 259 216 259 216 0 1 0 4
 16711680 5 71 202 71 202 38 202 38 360 118 360 118 360 0 1 0 3
 16711680 5 885 373 885 373 953 373 953 594 885 594 885 594 0 3 0 3
 16711680 5 118 594 118 594 31 594 31 288 71 288 71 288 0 3 0 1
 16711680 5 885 360 885 360 999 360 999 607 885 607 885 607 0 3 0 3
 16711680 5 131 594 131 594 131 771 131 771 402 771 402 771 0 3 0 5
 16711680 5 365 555 365 555 365 555 365 594 365 594 365 594 0 3 0 3
 16711680 5 287 360 287 360 287 360 287 412 287 412 287 412 0 3 0 3
 16711680 5 430 360 430 360 430 360 430 412 430 412 430 412 0 3 0 3
 16711680 5 599 360 599 360 599 360 599 412 599 412 599 412 0 3 0 3
 16711680 5 508 555 508 555 508 555 508 594 508 594 508 594 0 3 0 3
 16711680 5 677 555 677 555 677 555 677 594 677 594 677 594 0 3 0 3
 16711680 5 300 158 300 85 173 85 173 425 300 425 300 412 0 4 0 3
 16711680 5 319 158 319 44 216 44 216 412 313 412 313 412 0 4 0 3
 16711680 5 326 412 326 412 326 394 612 394 612 412 612 412 0 3 0 3
 16711680 5 338 158 338 46 442 46 442 412 443 412 443 412 0 4 0 3
 16711680 5 357 158 357 100 455 100 455 412 456 412 456 412 0 4 0 3
 16711680 5 469 412 469 412 469 379 625 379 625 412 625 412 0 3 0 3
 16711680 5 638 451 638 451 638 876 437 876 437 778 437 778 0 3 0 5
3
 7086 1 14 281 464 5 0 0 0 3
 7086 1 14 593 464 5 0 8583492 0 3
 7086 1 14 424 464 5 0 8583492 0 3
