Version 0.9.7
7
 4 10 175 77 128 0 1
 5 100 400 206 81 2 2
 6 191 87 449 130 8 3
 6 849 89 449 130 41 5
 0 87 400 877 276 74 6
 0 1001 398 877 276 226 11
 0 669 701 877 276 380 14
 1
102
 255 5 71 215 71 215 92 215 92 76 865 76 865 116 0 1 0 5
 255 5 71 202 71 202 207 202 207 202 207 114 207 114 0 1 0 3
 255 5 71 189 71 189 140 189 140 189 140 414 140 414 0 1 0 6
 65793 5 1821 425 1821 425 1893 425 1893 646 1821 646 1821 646 0 11 0 11
 255 5 1054 412 980 412 980 19 61 19 61 228 71 228 0 11 0 1
 255 5 1821 659 1821 659 1914 659 1914 412 1821 412 1821 412 0 11 0 11
 255 5 309 466 309 466 309 466 309 414 309 414 309 414 0 6 0 6
 255 5 439 466 439 466 439 466 439 414 439 414 439 414 0 6 0 6
 255 5 582 466 582 466 582 466 582 414 582 414 582 414 0 6 0 6
 255 5 712 466 712 466 712 466 712 414 712 414 712 414 0 6 0 6
 255 5 829 466 829 466 829 466 829 414 829 414 829 414 0 6 0 6
 255 5 1106 503 1106 503 1106 503 1106 412 1106 412 1106 412 0 11 0 11
 255 5 1249 412 1249 412 1249 412 1249 503 1249 503 1249 503 0 11 0 11
 255 5 1392 503 1392 503 1392 503 1392 412 1392 412 1392 412 0 11 0 11
 33023 5 322 466 322 466 322 360 293 360 293 210 293 210 0 6 0 3
 65535 5 335 466 330 466 330 351 306 351 306 210 306 210 0 6 0 3
 65408 5 348 466 348 466 348 395 228 395 228 210 228 210 0 6 0 3
 8388863 5 374 466 374 466 374 380 254 380 254 210 254 210 0 6 0 3
 16776960 5 267 210 267 210 267 374 387 374 387 466 387 466 0 3 0 6
 8388672 5 280 210 280 210 280 368 400 368 400 466 400 466 0 3 0 6
 33023 5 452 466 452 466 452 315 397 315 397 210 397 210 0 6 0 3
 65535 5 465 466 465 466 465 307 407 307 407 210 410 210 0 6 0 3
 65280 5 478 466 477 466 477 357 338 357 338 210 332 210 0 6 0 3
 16744448 5 241 210 241 210 241 388 361 388 361 466 361 466 0 3 0 6
 12615680 5 491 466 491 466 491 348 345 348 345 210 345 210 0 6 0 3
 8388863 5 504 466 504 466 504 340 358 340 358 210 358 210 0 6 0 3
 16776960 5 517 466 517 466 517 332 371 332 371 210 371 210 0 6 0 3
 8388672 5 530 466 530 466 530 323 384 323 384 210 384 210 0 6 0 3
 33023 5 595 466 595 466 595 305 501 305 501 210 501 210 0 6 0 3
 65535 5 608 466 608 466 608 296 513 296 513 210 514 210 0 6 0 3
 65280 5 621 466 621 466 621 290 436 290 436 210 436 210 0 6 0 3
 16744448 5 634 466 634 466 634 210 634 210 449 210 449 210 0 6 0 3
 8388863 5 647 466 647 466 647 300 462 300 462 210 462 210 0 6 0 3
 16776960 5 660 466 660 466 660 315 475 315 475 210 475 210 0 6 0 3
 8388672 5 673 466 669 466 669 310 488 310 488 210 488 210 0 6 0 3
 0 5 71 288 71 288 71 648 71 648 140 648 140 648 0 1 0 6
 33023 5 725 466 725 466 725 210 725 210 605 210 605 210 0 6 0 3
 65535 5 738 466 738 466 738 210 738 210 618 210 618 210 0 6 0 3
 65280 5 751 466 751 466 751 210 751 210 540 210 540 210 0 6 0 3
 16744448 5 764 466 764 466 764 210 764 210 553 210 553 210 0 6 0 3
 8388863 5 777 466 777 466 777 210 777 210 566 210 566 210 0 6 0 3
 16776960 5 579 210 579 210 790 210 790 210 790 466 790 466 0 3 0 6
 8388672 5 592 210 592 210 803 210 803 210 803 466 803 466 0 3 0 6
 255 5 907 414 907 414 976 414 976 661 907 661 907 661 0 6 0 6
 0 5 907 427 907 427 969 427 969 648 907 648 907 648 0 6 0 6
 33023 5 842 466 842 466 842 380 951 380 951 212 951 212 0 6 0 5
 65535 5 855 466 855 466 855 392 964 392 964 212 964 212 0 6 0 5
 65280 5 886 212 886 334 872 334 872 466 868 466 868 466 0 5 0 6
 16744448 5 899 212 899 343 884 343 884 466 881 466 881 466 0 5 0 6
 8388863 5 894 466 894 466 894 357 912 357 912 212 912 212 0 6 0 5
 16776960 5 907 466 907 466 907 364 925 364 925 212 925 212 0 6 0 5
 8388672 5 920 466 920 466 920 372 938 372 938 212 938 212 0 6 0 5
 0 5 71 249 71 36 976 36 976 425 1054 425 1054 425 0 1 0 11
 33023 5 1119 464 1121 464 1121 378 1055 378 1055 212 1055 212 0 11 0 5
 65535 5 1132 464 1132 464 1132 389 1068 389 1068 212 1068 212 0 11 0 5
 65280 5 1145 464 1145 464 1145 321 990 321 990 212 990 212 0 11 0 5
 16744448 5 1158 464 1158 464 1158 331 1003 331 1003 212 1003 212 0 11 0 5
 8388863 5 1171 464 1171 464 1171 344 1016 344 1016 212 1016 212 0 11 0 5
 16776960 5 1184 464 1184 464 1184 356 1029 356 1029 212 1029 212 0 11 0 5
 8388672 5 1197 464 1197 464 1197 368 1042 368 1042 212 1042 212 0 11 0 5
 33023 5 1262 464 1262 464 1262 331 1160 331 1160 212 1159 212 0 11 0 5
 65535 5 1275 464 1275 464 1275 320 1172 320 1172 212 1172 212 0 11 0 5
 65280 5 1288 464 1288 464 1288 311 1094 311 1094 212 1094 212 0 11 0 5
 16744448 5 1301 464 1301 464 1301 301 1107 301 1107 212 1107 212 0 11 0 5
 8388863 5 1314 464 1314 464 1314 292 1120 292 1120 212 1120 212 0 11 0 5
 8388672 5 1340 464 1340 464 1340 277 1146 277 1146 212 1146 212 0 11 0 5
 33023 5 1405 464 1405 464 1405 269 1263 269 1263 212 1263 212 0 11 0 5
 65535 5 1418 464 1418 464 1418 261 1276 261 1276 212 1276 212 0 11 0 5
 4259584 5 1431 464 1431 464 1431 219 1198 219 1198 212 1198 212 0 11 0 5
 16744448 5 1444 464 1444 464 1444 229 1211 229 1211 212 1211 212 0 11 0 5
 8388863 5 1457 464 1457 464 1457 236 1224 236 1224 212 1224 212 0 11 0 5
 16776960 5 1470 464 1470 464 1470 245 1237 245 1237 212 1237 212 0 11 0 5
 16711808 5 1483 464 1483 464 1483 252 1250 252 1250 212 1250 212 0 11 0 5
 65793 5 413 648 413 648 413 570 413 570 400 570 400 570 0 6 0 6
 65793 5 530 648 530 648 530 648 530 570 530 570 530 570 0 6 0 6
 65793 5 673 648 673 648 673 648 673 570 673 570 673 570 0 6 0 6
 65793 5 803 648 803 648 803 648 803 570 803 570 803 570 0 6 0 6
 255 5 361 661 361 661 361 661 361 609 361 609 361 609 0 6 0 6
 255 5 491 661 491 661 491 661 491 609 491 609 491 609 0 6 0 6
 255 5 634 661 634 661 634 661 634 609 634 609 634 609 0 6 0 6
 255 5 764 661 764 661 764 661 764 609 764 609 764 609 0 6 0 6
 255 5 881 661 881 661 881 661 881 609 881 609 881 609 0 6 0 6
 0 5 1197 568 1197 568 1197 568 1197 646 1197 646 1197 646 0 11 0 11
 0 5 1340 568 1340 568 1340 568 1340 646 1340 646 1340 646 0 11 0 11
 0 5 1483 568 1483 568 1483 568 1483 646 1483 646 1483 646 0 11 0 11
 255 5 1301 607 1301 607 1301 607 1301 659 1301 659 1301 659 0 11 0 11
 255 5 1158 607 1158 607 1158 607 1158 659 1158 659 1158 659 0 11 0 11
 255 5 140 661 140 661 140 715 140 715 722 715 722 715 0 6 0 14
 65793 5 153 648 153 648 153 949 153 949 722 949 722 949 0 6 0 14
 65793 5 1489 728 1489 728 1578 728 1578 949 1489 949 1489 949 0 14 0 14
 255 5 1489 715 1489 715 1618 715 1618 962 1489 962 1489 962 0 14 0 14
 16711680 5 1398 871 1398 871 1401 871 1401 821 1424 821 1424 806 0 14 0 14
 33023 5 1392 607 1392 607 1392 689 1463 689 1463 767 1463 767 0 11 0 14
 65535 5 1405 607 1405 607 1405 681 1489 681 1489 767 1489 767 0 11 0 14
 0 5 1450 728 1450 728 1450 728 1450 767 1450 767 1450 767 0 14 0 14
 32768 5 1424 767 1424 767 1424 618 1470 618 1470 607 1470 607 0 14 0 11
 4259584 5 1437 767 1437 767 1437 624 1457 624 1457 607 1457 607 0 14 0 11
 0 5 1476 910 1476 910 1476 910 1476 949 1476 949 1476 949 0 14 0 14
 0 5 1463 910 1463 910 1463 910 1463 949 1463 949 1463 949 0 14 0 14
 0 5 1411 910 1411 910 1412 910 1412 949 1411 949 1411 949 0 14 0 14
 0 5 1424 910 1424 910 1424 910 1424 949 1424 949 1424 949 0 14 0 14
 255 5 1450 910 1450 910 1450 910 1450 949 1450 949 1450 949 0 14 0 14
9
 7047 1 16 303 518 5 0 0 8583448 6
 7047 1 16 433 518 5 0 0 8583448 6
 7047 1 16 576 518 5 0 0 8583448 6
 7047 1 16 706 518 5 0 0 8583448 6
 7047 1 16 823 518 5 0 0 8583448 6
 7047 1 16 1100 516 5 0 0 8583448 11
 7047 1 16 1243 516 5 0 0 8583448 11
 7047 1 16 1386 516 5 0 0 8583448 11
 7090 1 14 1392 819 5 0 0 8583448 14
