Version 0.9.7
5
 4 1 176 77 128 0 1
 5 80 400 206 81 2 2
 0 85 273 877 276 8 3
 1 317 84 206 81 142 4
 3 333 625 203 58 152 5
 0
20
 16711680 5 62 190 62 190 138 190 138 190 138 287 138 287 0 1 0 3
 16711680 5 905 300 905 300 986 300 986 521 905 521 905 521 0 3 0 3
 16711680 5 138 521 138 521 62 521 62 521 62 289 62 289 0 3 0 1
 16711680 5 905 287 905 287 1012 287 1012 534 905 534 905 534 0 3 0 3
 16711680 5 216 339 216 339 216 339 216 287 216 287 216 287 0 3 0 3
 16711680 5 346 339 346 339 346 339 346 287 346 287 346 287 0 3 0 3
 16711680 5 476 339 476 339 476 339 476 287 476 287 476 287 0 3 0 3
 16711680 5 606 339 606 339 606 339 606 287 606 287 606 287 0 3 0 3
 16711680 5 684 482 684 482 684 482 684 521 684 521 684 521 0 3 0 3
 16711680 5 554 482 554 482 554 482 554 521 554 521 554 521 0 3 0 3
 16711680 5 424 482 424 482 424 482 424 521 424 521 424 521 0 3 0 3
 16711680 5 294 482 294 482 294 482 294 521 294 521 294 521 0 3 0 3
 16711680 5 229 339 229 339 229 95 229 95 373 95 373 95 0 3 0 4
 16711680 5 242 339 242 339 242 71 392 71 392 95 392 95 0 3 0 4
 16711680 5 359 339 359 339 359 57 411 57 411 95 411 95 0 3 0 4
 16711680 5 372 339 372 339 372 40 430 40 430 95 430 95 0 3 0 4
 16711680 5 489 339 489 338 497 338 497 39 449 39 449 95 0 3 0 4
 16711680 5 468 95 468 95 468 56 479 56 479 339 502 339 0 4 0 3
 16711680 5 619 339 619 339 619 53 487 53 487 95 487 95 0 3 0 4
 16711680 5 506 95 506 95 506 67 632 67 632 339 632 339 0 4 0 3
4
 7086 1 14 210 391 5 0 8583492 0 3
 7086 1 14 340 391 5 0 8583492 0 3
 7086 1 14 470 391 5 0 8583492 0 3
 7086 1 14 600 391 5 0 8583492 0 3
