Version 0.9.7
5
 4 10 175 77 128 0 1
 5 80 400 206 81 2 2
 0 65 346 877 276 8 3
 1 244 147 206 81 140 4
 3 391 734 203 58 150 5
 0
20
 65793 5 118 594 118 594 19 594 19 288 71 288 71 288 0 3 0 1
 65793 5 131 594 131 594 131 771 131 771 402 771 402 771 0 3 0 5
 65793 5 885 373 885 373 959 373 959 594 885 594 885 594 0 3 0 3
 65793 5 365 555 365 555 365 555 365 594 365 594 365 594 0 3 0 3
 65793 5 508 555 508 555 508 555 508 594 508 594 508 594 0 3 0 3
 65793 5 677 555 677 555 677 555 677 594 677 594 677 594 0 3 0 3
 65793 5 71 249 71 249 259 249 259 249 259 216 259 216 0 1 0 4
 255 5 259 158 259 158 259 145 71 145 71 189 71 189 0 4 0 1
 255 5 118 360 118 360 57 360 57 202 71 202 71 202 0 3 0 1
 255 5 885 607 885 607 976 607 976 360 885 360 885 360 0 3 0 3
 255 5 287 412 287 412 287 412 287 360 287 360 287 360 0 3 0 3
 255 5 430 412 430 412 430 412 430 360 430 360 430 360 0 3 0 3
 255 5 599 360 599 360 599 360 599 412 599 412 599 412 0 3 0 3
 33023 5 638 412 638 412 701 412 701 806 437 806 437 778 0 3 0 5
 65535 5 300 412 300 314 165 314 165 121 300 121 300 158 0 3 0 4
 65535 5 313 412 313 393 135 393 135 95 319 95 319 158 0 3 0 4
 65535 5 443 412 443 412 443 65 338 65 338 158 338 158 0 3 0 4
 65535 5 456 412 455 412 455 89 357 89 357 158 357 158 0 3 0 4
 65280 5 326 412 326 412 326 397 612 397 612 412 612 412 0 3 0 3
 65280 5 469 412 469 412 469 390 625 390 625 412 625 412 0 3 0 3
3
 7086 1 14 281 464 5 0 0 0 3
 7086 1 14 593 464 5 0 8583492 0 3
 7086 1 14 424 464 5 0 8583492 0 3
